0111111111111111111111111111111111110
1000000000000000000000000000000000001
1000000000000000000000000000000000001
1000000000000000000000000000000000001
1000000000000000000000000000000000001
1000000000000000000000000000000000001
1000000000000000000000000000000000001
1000000000000000000000000000000000001
1000000000000000000000000000000000001
1000000000000000000000000000000000001
1000000000000000000000000000000000001
1000000000000000000000000000000000001
1000000000000000000000000000000000001
1000000000000000000000000000000000001
1000000000000000000000000000000000001
1000000000000000000000000000000000001
1000000000000000000000000000000000001
1000000000000000000000000000000000001
1000000000000000000000000000000000001
1000000000000000000000000000000000001
1000000000000000000000000000000000001
0111111111111111110011111111111111110
